containerId	locX	locY	warehouseNum	goodsId	containerSize
1001	1	1	1	1	5
1002	1	2	1	2	5
1003	1	3	1	2	5
1004	1	4	1	3	5
1005	1	5	1	3	5
1006	1	6	1	3	5
1007	1	7	1	3	5
1008	1	8	1	3	5
1009	1	9	1	4	5
1010	1	10	1	6	5
1011	1	11	1	6	5
1012	1	12	1	0	5
1013	1	13	1	0	5
1014	1	14	1	0	5
1015	1	15	1	0	5
1016	1	16	1	0	5
1017	1	17	1	0	5
1018	1	18	1	0	5
1019	1	19	1	0	5
1020	1	20	1	0	5
1021	1	21	1	0	5
1022	1	22	1	0	5
1023	1	23	1	0	5
1024	1	24	1	0	5
1025	1	25	1	0	5
1026	1	26	1	0	5
1027	1	27	1	0	5
1028	1	28	1	0	5
1029	1	29	1	0	5
1030	1	30	1	0	5
1031	1	31	1	0	5
1032	1	32	1	0	5
1033	1	33	1	0	5
1034	1	34	1	0	5
1035	1	35	1	0	5
1036	1	36	1	0	5
1037	1	37	1	0	5
1038	1	38	1	0	5
1039	1	39	1	0	5
1040	1	40	1	0	5
1041	1	41	1	0	5
1042	1	42	1	0	5
1043	1	43	1	0	5
1044	1	44	1	0	5
1045	1	45	1	0	5
1046	1	46	1	0	5
1047	1	47	1	0	5
1048	1	48	1	0	5
1049	1	49	1	0	5
1050	1	50	1	0	5
1051	2	1	1	0	5
1052	2	2	1	0	5
1053	2	3	1	0	5
1054	2	4	1	0	5
1055	2	5	1	0	5
1056	2	6	1	0	5
1057	2	7	1	0	5
1058	2	8	1	0	5
1059	2	9	1	0	5
1060	2	10	1	0	5
1061	2	11	1	0	5
1062	2	12	1	0	5
1063	2	13	1	0	5
1064	2	14	1	0	5
1065	2	15	1	0	5
1066	2	16	1	0	5
1067	2	17	1	0	5
1068	2	18	1	0	5
1069	2	19	1	0	5
1070	2	20	1	0	5
1071	2	21	1	0	5
1072	2	22	1	0	5
1073	2	23	1	0	5
1074	2	24	1	0	5
1075	2	25	1	0	5
1076	2	26	1	0	5
1077	2	27	1	0	5
1078	2	28	1	0	5
1079	2	29	1	0	5
1080	2	30	1	0	5
1081	2	31	1	0	5
1082	2	32	1	0	5
1083	2	33	1	0	5
1084	2	34	1	0	5
1085	2	35	1	0	5
1086	2	36	1	0	5
1087	2	37	1	0	5
1088	2	38	1	0	5
1089	2	39	1	0	5
1090	2	40	1	0	5
1091	2	41	1	0	5
1092	2	42	1	0	5
1093	2	43	1	0	5
1094	2	44	1	0	5
1095	2	45	1	0	5
1096	2	46	1	0	5
1097	2	47	1	0	5
1098	2	48	1	0	5
1099	2	49	1	0	5
1100	2	50	1	0	5
1101	3	1	1	0	5
1102	3	2	1	0	5
1103	3	3	1	0	5
1104	3	4	1	0	5
1105	3	5	1	0	5
1106	3	6	1	0	5
1107	3	7	1	0	5
1108	3	8	1	0	5
1109	3	9	1	0	5
1110	3	10	1	0	5
1111	3	11	1	0	5
1112	3	12	1	0	5
1113	3	13	1	0	5
1114	3	14	1	0	5
1115	3	15	1	0	5
1116	3	16	1	0	5
1117	3	17	1	0	5
1118	3	18	1	0	5
1119	3	19	1	0	5
1120	3	20	1	0	5
1121	3	21	1	0	5
1122	3	22	1	0	5
1123	3	23	1	0	5
1124	3	24	1	0	5
1125	3	25	1	0	5
1126	3	26	1	0	5
1127	3	27	1	0	5
1128	3	28	1	0	5
1129	3	29	1	0	5
1130	3	30	1	0	5
1131	3	31	1	0	5
1132	3	32	1	0	5
1133	3	33	1	0	5
1134	3	34	1	0	5
1135	3	35	1	0	5
1136	3	36	1	0	5
1137	3	37	1	0	5
1138	3	38	1	0	5
1139	3	39	1	0	5
1140	3	40	1	0	5
1141	3	41	1	0	5
1142	3	42	1	0	5
1143	3	43	1	0	5
1144	3	44	1	0	5
1145	3	45	1	0	5
1146	3	46	1	0	5
1147	3	47	1	0	5
1148	3	48	1	0	5
1149	3	49	1	0	5
1150	3	50	1	0	5
1151	4	1	1	0	5
1152	4	2	1	0	5
1153	4	3	1	0	5
1154	4	4	1	0	5
1155	4	5	1	0	5
1156	4	6	1	0	5
1157	4	7	1	0	5
1158	4	8	1	0	5
1159	4	9	1	0	5
1160	4	10	1	0	5
1161	4	11	1	0	5
1162	4	12	1	0	5
1163	4	13	1	0	5
1164	4	14	1	0	5
1165	4	15	1	0	5
1166	4	16	1	0	5
1167	4	17	1	0	5
1168	4	18	1	0	5
1169	4	19	1	0	5
1170	4	20	1	0	5
1171	4	21	1	0	5
1172	4	22	1	0	5
1173	4	23	1	0	5
1174	4	24	1	0	5
1175	4	25	1	0	5
1176	4	26	1	0	5
1177	4	27	1	0	5
1178	4	28	1	0	5
1179	4	29	1	0	5
1180	4	30	1	0	5
1181	4	31	1	0	5
1182	4	32	1	0	5
1183	4	33	1	0	5
1184	4	34	1	0	5
1185	4	35	1	0	5
1186	4	36	1	0	5
1187	4	37	1	0	5
1188	4	38	1	0	5
1189	4	39	1	0	5
1190	4	40	1	0	5
1191	4	41	1	0	5
1192	4	42	1	0	5
1193	4	43	1	0	5
1194	4	44	1	0	5
1195	4	45	1	0	5
1196	4	46	1	0	5
1197	4	47	1	0	5
1198	4	48	1	0	5
1199	4	49	1	0	5
1200	4	50	1	0	5
1201	5	1	1	0	5
1202	5	2	1	0	5
1203	5	3	1	0	5
1204	5	4	1	0	5
1205	5	5	1	0	5
1206	5	6	1	0	5
1207	5	7	1	0	5
1208	5	8	1	0	5
1209	5	9	1	0	5
1210	5	10	1	0	5
1211	5	11	1	0	5
1212	5	12	1	0	5
1213	5	13	1	0	5
1214	5	14	1	0	5
1215	5	15	1	0	5
1216	5	16	1	0	5
1217	5	17	1	0	5
1218	5	18	1	0	5
1219	5	19	1	0	5
1220	5	20	1	0	5
1221	5	21	1	0	5
1222	5	22	1	0	5
1223	5	23	1	0	5
1224	5	24	1	0	5
1225	5	25	1	0	5
1226	5	26	1	0	5
1227	5	27	1	0	5
1228	5	28	1	0	5
1229	5	29	1	0	5
1230	5	30	1	0	5
1231	5	31	1	0	5
1232	5	32	1	0	5
1233	5	33	1	0	5
1234	5	34	1	0	5
1235	5	35	1	0	5
1236	5	36	1	0	5
1237	5	37	1	0	5
1238	5	38	1	0	5
1239	5	39	1	0	5
1240	5	40	1	0	5
1241	5	41	1	0	5
1242	5	42	1	0	5
1243	5	43	1	0	5
1244	5	44	1	0	5
1245	5	45	1	0	5
1246	5	46	1	0	5
1247	5	47	1	0	5
1248	5	48	1	0	5
1249	5	49	1	0	5
1250	5	50	1	0	5
1251	6	1	1	0	5
1252	6	2	1	0	5
1253	6	3	1	0	5
1254	6	4	1	0	5
1255	6	5	1	0	5
1256	6	6	1	0	5
1257	6	7	1	0	5
1258	6	8	1	0	5
1259	6	9	1	0	5
1260	6	10	1	0	5
1261	6	11	1	0	5
1262	6	12	1	0	5
1263	6	13	1	0	5
1264	6	14	1	0	5
1265	6	15	1	0	5
1266	6	16	1	0	5
1267	6	17	1	0	5
1268	6	18	1	0	5
1269	6	19	1	0	5
1270	6	20	1	0	5
1271	6	21	1	0	5
1272	6	22	1	0	5
1273	6	23	1	0	5
1274	6	24	1	0	5
1275	6	25	1	0	5
1276	6	26	1	0	5
1277	6	27	1	0	5
1278	6	28	1	0	5
1279	6	29	1	0	5
1280	6	30	1	0	5
1281	6	31	1	0	5
1282	6	32	1	0	5
1283	6	33	1	0	5
1284	6	34	1	0	5
1285	6	35	1	0	5
1286	6	36	1	0	5
1287	6	37	1	0	5
1288	6	38	1	0	5
1289	6	39	1	0	5
1290	6	40	1	0	5
1291	6	41	1	0	5
1292	6	42	1	0	5
1293	6	43	1	0	5
1294	6	44	1	0	5
1295	6	45	1	0	5
1296	6	46	1	0	5
1297	6	47	1	0	5
1298	6	48	1	0	5
1299	6	49	1	0	5
1300	6	50	1	0	5
1301	7	1	1	0	5
1302	7	2	1	0	5
1303	7	3	1	0	5
1304	7	4	1	0	5
1305	7	5	1	0	5
1306	7	6	1	0	5
1307	7	7	1	0	5
1308	7	8	1	0	5
1309	7	9	1	0	5
1310	7	10	1	0	5
1311	7	11	1	0	5
1312	7	12	1	0	5
1313	7	13	1	0	5
1314	7	14	1	0	5
1315	7	15	1	0	5
1316	7	16	1	0	5
1317	7	17	1	0	5
1318	7	18	1	0	5
1319	7	19	1	0	5
1320	7	20	1	0	5
1321	7	21	1	0	5
1322	7	22	1	0	5
1323	7	23	1	0	5
1324	7	24	1	0	5
1325	7	25	1	0	5
1326	7	26	1	0	5
1327	7	27	1	0	5
1328	7	28	1	0	5
1329	7	29	1	0	5
1330	7	30	1	0	5
1331	7	31	1	0	5
1332	7	32	1	0	5
1333	7	33	1	0	5
1334	7	34	1	0	5
1335	7	35	1	0	5
1336	7	36	1	0	5
1337	7	37	1	0	5
1338	7	38	1	0	5
1339	7	39	1	0	5
1340	7	40	1	0	5
1341	7	41	1	0	5
1342	7	42	1	0	5
1343	7	43	1	0	5
1344	7	44	1	0	5
1345	7	45	1	0	5
1346	7	46	1	0	5
1347	7	47	1	0	5
1348	7	48	1	0	5
1349	7	49	1	0	5
1350	7	50	1	0	5
1351	8	1	1	0	5
1352	8	2	1	0	5
1353	8	3	1	0	5
1354	8	4	1	0	5
1355	8	5	1	0	5
1356	8	6	1	0	5
1357	8	7	1	0	5
1358	8	8	1	0	5
1359	8	9	1	0	5
1360	8	10	1	0	5
1361	8	11	1	0	5
1362	8	12	1	0	5
1363	8	13	1	0	5
1364	8	14	1	0	5
1365	8	15	1	0	5
1366	8	16	1	0	5
1367	8	17	1	0	5
1368	8	18	1	0	5
1369	8	19	1	0	5
1370	8	20	1	0	5
1371	8	21	1	0	5
1372	8	22	1	0	5
1373	8	23	1	0	5
1374	8	24	1	0	5
1375	8	25	1	0	5
1376	8	26	1	0	5
1377	8	27	1	0	5
1378	8	28	1	0	5
1379	8	29	1	0	5
1380	8	30	1	0	5
1381	8	31	1	0	5
1382	8	32	1	0	5
1383	8	33	1	0	5
1384	8	34	1	0	5
1385	8	35	1	0	5
1386	8	36	1	0	5
1387	8	37	1	0	5
1388	8	38	1	0	5
1389	8	39	1	0	5
1390	8	40	1	0	5
1391	8	41	1	0	5
1392	8	42	1	0	5
1393	8	43	1	0	5
1394	8	44	1	0	5
1395	8	45	1	0	5
1396	8	46	1	0	5
1397	8	47	1	0	5
1398	8	48	1	0	5
1399	8	49	1	0	5
1400	8	50	1	0	5
1401	9	1	1	0	5
1402	9	2	1	0	5
1403	9	3	1	0	5
1404	9	4	1	0	5
1405	9	5	1	0	5
1406	9	6	1	0	5
1407	9	7	1	0	5
1408	9	8	1	0	5
1409	9	9	1	0	5
1410	9	10	1	0	5
1411	9	11	1	0	5
1412	9	12	1	0	5
1413	9	13	1	0	5
1414	9	14	1	0	5
1415	9	15	1	0	5
1416	9	16	1	0	5
1417	9	17	1	0	5
1418	9	18	1	0	5
1419	9	19	1	0	5
1420	9	20	1	0	5
1421	9	21	1	0	5
1422	9	22	1	0	5
1423	9	23	1	0	5
1424	9	24	1	0	5
1425	9	25	1	0	5
1426	9	26	1	0	5
1427	9	27	1	0	5
1428	9	28	1	0	5
1429	9	29	1	0	5
1430	9	30	1	0	5
1431	9	31	1	0	5
1432	9	32	1	0	5
1433	9	33	1	0	5
1434	9	34	1	0	5
1435	9	35	1	0	5
1436	9	36	1	0	5
1437	9	37	1	0	5
1438	9	38	1	0	5
1439	9	39	1	0	5
1440	9	40	1	0	5
1441	9	41	1	0	5
1442	9	42	1	0	5
1443	9	43	1	0	5
1444	9	44	1	0	5
1445	9	45	1	0	5
1446	9	46	1	0	5
1447	9	47	1	0	5
1448	9	48	1	0	5
1449	9	49	1	0	5
1450	9	50	1	0	5
1451	10	1	1	0	5
1452	10	2	1	0	5
1453	10	3	1	0	5
1454	10	4	1	0	5
1455	10	5	1	0	5
1456	10	6	1	0	5
1457	10	7	1	0	5
1458	10	8	1	0	5
1459	10	9	1	0	5
1460	10	10	1	0	5
1461	10	11	1	0	5
1462	10	12	1	0	5
1463	10	13	1	0	5
1464	10	14	1	0	5
1465	10	15	1	0	5
1466	10	16	1	0	5
1467	10	17	1	0	5
1468	10	18	1	0	5
1469	10	19	1	0	5
1470	10	20	1	0	5
1471	10	21	1	0	5
1472	10	22	1	0	5
1473	10	23	1	0	5
1474	10	24	1	0	5
1475	10	25	1	0	5
1476	10	26	1	0	5
1477	10	27	1	0	5
1478	10	28	1	0	5
1479	10	29	1	0	5
1480	10	30	1	0	5
1481	10	31	1	0	5
1482	10	32	1	0	5
1483	10	33	1	0	5
1484	10	34	1	0	5
1485	10	35	1	0	5
1486	10	36	1	0	5
1487	10	37	1	0	5
1488	10	38	1	0	5
1489	10	39	1	0	5
1490	10	40	1	0	5
1491	10	41	1	0	5
1492	10	42	1	0	5
1493	10	43	1	0	5
1494	10	44	1	0	5
1495	10	45	1	0	5
1496	10	46	1	0	5
1497	10	47	1	0	5
1498	10	48	1	0	5
1499	10	49	1	0	5
1500	10	50	1	0	5
2001	1	1	2	0	5
2002	1	2	2	0	5
2003	1	3	2	0	5
2004	1	4	2	0	5
2005	1	5	2	0	5
2006	1	6	2	0	5
2007	1	7	2	0	5
2008	1	8	2	0	5
2009	1	9	2	0	5
2010	1	10	2	0	5
2011	1	11	2	0	5
2012	1	12	2	0	5
2013	1	13	2	0	5
2014	1	14	2	0	5
2015	1	15	2	0	5
2016	1	16	2	0	5
2017	1	17	2	0	5
2018	1	18	2	0	5
2019	1	19	2	0	5
2020	1	20	2	0	5
2021	1	21	2	0	5
2022	1	22	2	0	5
2023	1	23	2	0	5
2024	1	24	2	0	5
2025	1	25	2	0	5
2026	1	26	2	0	5
2027	1	27	2	0	5
2028	1	28	2	0	5
2029	1	29	2	0	5
2030	1	30	2	0	5
2031	1	31	2	0	5
2032	1	32	2	0	5
2033	1	33	2	0	5
2034	1	34	2	0	5
2035	1	35	2	0	5
2036	1	36	2	0	5
2037	1	37	2	0	5
2038	1	38	2	0	5
2039	1	39	2	0	5
2040	1	40	2	0	5
2041	1	41	2	0	5
2042	1	42	2	0	5
2043	1	43	2	0	5
2044	1	44	2	0	5
2045	1	45	2	0	5
2046	1	46	2	0	5
2047	1	47	2	0	5
2048	1	48	2	0	5
2049	1	49	2	0	5
2050	1	50	2	0	5
2051	2	1	2	0	5
2052	2	2	2	0	5
2053	2	3	2	0	5
2054	2	4	2	0	5
2055	2	5	2	0	5
2056	2	6	2	0	5
2057	2	7	2	0	5
2058	2	8	2	0	5
2059	2	9	2	0	5
2060	2	10	2	0	5
2061	2	11	2	0	5
2062	2	12	2	0	5
2063	2	13	2	0	5
2064	2	14	2	0	5
2065	2	15	2	0	5
2066	2	16	2	0	5
2067	2	17	2	0	5
2068	2	18	2	0	5
2069	2	19	2	0	5
2070	2	20	2	0	5
2071	2	21	2	0	5
2072	2	22	2	0	5
2073	2	23	2	0	5
2074	2	24	2	0	5
2075	2	25	2	0	5
2076	2	26	2	0	5
2077	2	27	2	0	5
2078	2	28	2	0	5
2079	2	29	2	0	5
2080	2	30	2	0	5
2081	2	31	2	0	5
2082	2	32	2	0	5
2083	2	33	2	0	5
2084	2	34	2	0	5
2085	2	35	2	0	5
2086	2	36	2	0	5
2087	2	37	2	0	5
2088	2	38	2	0	5
2089	2	39	2	0	5
2090	2	40	2	0	5
2091	2	41	2	0	5
2092	2	42	2	0	5
2093	2	43	2	0	5
2094	2	44	2	0	5
2095	2	45	2	0	5
2096	2	46	2	0	5
2097	2	47	2	0	5
2098	2	48	2	0	5
2099	2	49	2	0	5
2100	2	50	2	0	5
2101	3	1	2	0	5
2102	3	2	2	0	5
2103	3	3	2	0	5
2104	3	4	2	0	5
2105	3	5	2	0	5
2106	3	6	2	0	5
2107	3	7	2	0	5
2108	3	8	2	0	5
2109	3	9	2	0	5
2110	3	10	2	0	5
2111	3	11	2	0	5
2112	3	12	2	0	5
2113	3	13	2	0	5
2114	3	14	2	0	5
2115	3	15	2	0	5
2116	3	16	2	0	5
2117	3	17	2	0	5
2118	3	18	2	0	5
2119	3	19	2	0	5
2120	3	20	2	0	5
2121	3	21	2	0	5
2122	3	22	2	0	5
2123	3	23	2	0	5
2124	3	24	2	0	5
2125	3	25	2	0	5
2126	3	26	2	0	5
2127	3	27	2	0	5
2128	3	28	2	0	5
2129	3	29	2	0	5
2130	3	30	2	0	5
2131	3	31	2	0	5
2132	3	32	2	0	5
2133	3	33	2	0	5
2134	3	34	2	0	5
2135	3	35	2	0	5
2136	3	36	2	0	5
2137	3	37	2	0	5
2138	3	38	2	0	5
2139	3	39	2	0	5
2140	3	40	2	0	5
2141	3	41	2	0	5
2142	3	42	2	0	5
2143	3	43	2	0	5
2144	3	44	2	0	5
2145	3	45	2	0	5
2146	3	46	2	0	5
2147	3	47	2	0	5
2148	3	48	2	0	5
2149	3	49	2	0	5
2150	3	50	2	0	5
2151	4	1	2	0	5
2152	4	2	2	0	5
2153	4	3	2	0	5
2154	4	4	2	0	5
2155	4	5	2	0	5
2156	4	6	2	0	5
2157	4	7	2	0	5
2158	4	8	2	0	5
2159	4	9	2	0	5
2160	4	10	2	0	5
2161	4	11	2	0	5
2162	4	12	2	0	5
2163	4	13	2	0	5
2164	4	14	2	0	5
2165	4	15	2	0	5
2166	4	16	2	0	5
2167	4	17	2	0	5
2168	4	18	2	0	5
2169	4	19	2	0	5
2170	4	20	2	0	5
2171	4	21	2	0	5
2172	4	22	2	0	5
2173	4	23	2	0	5
2174	4	24	2	0	5
2175	4	25	2	0	5
2176	4	26	2	0	5
2177	4	27	2	0	5
2178	4	28	2	0	5
2179	4	29	2	0	5
2180	4	30	2	0	5
2181	4	31	2	0	5
2182	4	32	2	0	5
2183	4	33	2	0	5
2184	4	34	2	0	5
2185	4	35	2	0	5
2186	4	36	2	0	5
2187	4	37	2	0	5
2188	4	38	2	0	5
2189	4	39	2	0	5
2190	4	40	2	0	5
2191	4	41	2	0	5
2192	4	42	2	0	5
2193	4	43	2	0	5
2194	4	44	2	0	5
2195	4	45	2	0	5
2196	4	46	2	0	5
2197	4	47	2	0	5
2198	4	48	2	0	5
2199	4	49	2	0	5
2200	4	50	2	0	5
2201	5	1	2	0	5
2202	5	2	2	0	5
2203	5	3	2	0	5
2204	5	4	2	0	5
2205	5	5	2	0	5
2206	5	6	2	0	5
2207	5	7	2	0	5
2208	5	8	2	0	5
2209	5	9	2	0	5
2210	5	10	2	0	5
2211	5	11	2	0	5
2212	5	12	2	0	5
2213	5	13	2	0	5
2214	5	14	2	0	5
2215	5	15	2	0	5
2216	5	16	2	0	5
2217	5	17	2	0	5
2218	5	18	2	0	5
2219	5	19	2	0	5
2220	5	20	2	0	5
2221	5	21	2	0	5
2222	5	22	2	0	5
2223	5	23	2	0	5
2224	5	24	2	0	5
2225	5	25	2	0	5
2226	5	26	2	0	5
2227	5	27	2	0	5
2228	5	28	2	0	5
2229	5	29	2	0	5
2230	5	30	2	0	5
2231	5	31	2	0	5
2232	5	32	2	0	5
2233	5	33	2	0	5
2234	5	34	2	0	5
2235	5	35	2	0	5
2236	5	36	2	0	5
2237	5	37	2	0	5
2238	5	38	2	0	5
2239	5	39	2	0	5
2240	5	40	2	0	5
2241	5	41	2	0	5
2242	5	42	2	0	5
2243	5	43	2	0	5
2244	5	44	2	0	5
2245	5	45	2	0	5
2246	5	46	2	0	5
2247	5	47	2	0	5
2248	5	48	2	0	5
2249	5	49	2	0	5
2250	5	50	2	0	5
2251	6	1	2	0	5
2252	6	2	2	0	5
2253	6	3	2	0	5
2254	6	4	2	0	5
2255	6	5	2	0	5
2256	6	6	2	0	5
2257	6	7	2	0	5
2258	6	8	2	0	5
2259	6	9	2	0	5
2260	6	10	2	0	5
2261	6	11	2	0	5
2262	6	12	2	0	5
2263	6	13	2	0	5
2264	6	14	2	0	5
2265	6	15	2	0	5
2266	6	16	2	0	5
2267	6	17	2	0	5
2268	6	18	2	0	5
2269	6	19	2	0	5
2270	6	20	2	0	5
2271	6	21	2	0	5
2272	6	22	2	0	5
2273	6	23	2	0	5
2274	6	24	2	0	5
2275	6	25	2	0	5
2276	6	26	2	0	5
2277	6	27	2	0	5
2278	6	28	2	0	5
2279	6	29	2	0	5
2280	6	30	2	0	5
2281	6	31	2	0	5
2282	6	32	2	0	5
2283	6	33	2	0	5
2284	6	34	2	0	5
2285	6	35	2	0	5
2286	6	36	2	0	5
2287	6	37	2	0	5
2288	6	38	2	0	5
2289	6	39	2	0	5
2290	6	40	2	0	5
2291	6	41	2	0	5
2292	6	42	2	0	5
2293	6	43	2	0	5
2294	6	44	2	0	5
2295	6	45	2	0	5
2296	6	46	2	0	5
2297	6	47	2	0	5
2298	6	48	2	0	5
2299	6	49	2	0	5
2300	6	50	2	0	5
2301	7	1	2	0	5
2302	7	2	2	0	5
2303	7	3	2	0	5
2304	7	4	2	0	5
2305	7	5	2	0	5
2306	7	6	2	0	5
2307	7	7	2	0	5
2308	7	8	2	0	5
2309	7	9	2	0	5
2310	7	10	2	0	5
2311	7	11	2	0	5
2312	7	12	2	0	5
2313	7	13	2	0	5
2314	7	14	2	0	5
2315	7	15	2	0	5
2316	7	16	2	0	5
2317	7	17	2	0	5
2318	7	18	2	0	5
2319	7	19	2	0	5
2320	7	20	2	0	5
2321	7	21	2	0	5
2322	7	22	2	0	5
2323	7	23	2	0	5
2324	7	24	2	0	5
2325	7	25	2	0	5
2326	7	26	2	0	5
2327	7	27	2	0	5
2328	7	28	2	0	5
2329	7	29	2	0	5
2330	7	30	2	0	5
2331	7	31	2	0	5
2332	7	32	2	0	5
2333	7	33	2	0	5
2334	7	34	2	0	5
2335	7	35	2	0	5
2336	7	36	2	0	5
2337	7	37	2	0	5
2338	7	38	2	0	5
2339	7	39	2	0	5
2340	7	40	2	0	5
2341	7	41	2	0	5
2342	7	42	2	0	5
2343	7	43	2	0	5
2344	7	44	2	0	5
2345	7	45	2	0	5
2346	7	46	2	0	5
2347	7	47	2	0	5
2348	7	48	2	0	5
2349	7	49	2	0	5
2350	7	50	2	0	5
2351	8	1	2	0	5
2352	8	2	2	0	5
2353	8	3	2	0	5
2354	8	4	2	0	5
2355	8	5	2	0	5
2356	8	6	2	0	5
2357	8	7	2	0	5
2358	8	8	2	0	5
2359	8	9	2	0	5
2360	8	10	2	0	5
2361	8	11	2	0	5
2362	8	12	2	0	5
2363	8	13	2	0	5
2364	8	14	2	0	5
2365	8	15	2	0	5
2366	8	16	2	0	5
2367	8	17	2	0	5
2368	8	18	2	0	5
2369	8	19	2	0	5
2370	8	20	2	0	5
2371	8	21	2	0	5
2372	8	22	2	0	5
2373	8	23	2	0	5
2374	8	24	2	0	5
2375	8	25	2	0	5
2376	8	26	2	0	5
2377	8	27	2	0	5
2378	8	28	2	0	5
2379	8	29	2	0	5
2380	8	30	2	0	5
2381	8	31	2	0	5
2382	8	32	2	0	5
2383	8	33	2	0	5
2384	8	34	2	0	5
2385	8	35	2	0	5
2386	8	36	2	0	5
2387	8	37	2	0	5
2388	8	38	2	0	5
2389	8	39	2	0	5
2390	8	40	2	0	5
2391	8	41	2	0	5
2392	8	42	2	0	5
2393	8	43	2	0	5
2394	8	44	2	0	5
2395	8	45	2	0	5
2396	8	46	2	0	5
2397	8	47	2	0	5
2398	8	48	2	0	5
2399	8	49	2	0	5
2400	8	50	2	0	5
2401	9	1	2	0	5
2402	9	2	2	0	5
2403	9	3	2	0	5
2404	9	4	2	0	5
2405	9	5	2	0	5
2406	9	6	2	0	5
2407	9	7	2	0	5
2408	9	8	2	0	5
2409	9	9	2	0	5
2410	9	10	2	0	5
2411	9	11	2	0	5
2412	9	12	2	0	5
2413	9	13	2	0	5
2414	9	14	2	0	5
2415	9	15	2	0	5
2416	9	16	2	0	5
2417	9	17	2	0	5
2418	9	18	2	0	5
2419	9	19	2	0	5
2420	9	20	2	0	5
2421	9	21	2	0	5
2422	9	22	2	0	5
2423	9	23	2	0	5
2424	9	24	2	0	5
2425	9	25	2	0	5
2426	9	26	2	0	5
2427	9	27	2	0	5
2428	9	28	2	0	5
2429	9	29	2	0	5
2430	9	30	2	0	5
2431	9	31	2	0	5
2432	9	32	2	0	5
2433	9	33	2	0	5
2434	9	34	2	0	5
2435	9	35	2	0	5
2436	9	36	2	0	5
2437	9	37	2	0	5
2438	9	38	2	0	5
2439	9	39	2	0	5
2440	9	40	2	0	5
2441	9	41	2	0	5
2442	9	42	2	0	5
2443	9	43	2	0	5
2444	9	44	2	0	5
2445	9	45	2	0	5
2446	9	46	2	0	5
2447	9	47	2	0	5
2448	9	48	2	0	5
2449	9	49	2	0	5
2450	9	50	2	0	5
2451	10	1	2	0	5
2452	10	2	2	0	5
2453	10	3	2	0	5
2454	10	4	2	0	5
2455	10	5	2	0	5
2456	10	6	2	0	5
2457	10	7	2	0	5
2458	10	8	2	0	5
2459	10	9	2	0	5
2460	10	10	2	0	5
2461	10	11	2	0	5
2462	10	12	2	0	5
2463	10	13	2	0	5
2464	10	14	2	0	5
2465	10	15	2	0	5
2466	10	16	2	0	5
2467	10	17	2	0	5
2468	10	18	2	0	5
2469	10	19	2	0	5
2470	10	20	2	0	5
2471	10	21	2	0	5
2472	10	22	2	0	5
2473	10	23	2	0	5
2474	10	24	2	0	5
2475	10	25	2	0	5
2476	10	26	2	0	5
2477	10	27	2	0	5
2478	10	28	2	0	5
2479	10	29	2	0	5
2480	10	30	2	0	5
2481	10	31	2	0	5
2482	10	32	2	0	5
2483	10	33	2	0	5
2484	10	34	2	0	5
2485	10	35	2	0	5
2486	10	36	2	0	5
2487	10	37	2	0	5
2488	10	38	2	0	5
2489	10	39	2	0	5
2490	10	40	2	0	5
2491	10	41	2	0	5
2492	10	42	2	0	5
2493	10	43	2	0	5
2494	10	44	2	0	5
2495	10	45	2	0	5
2496	10	46	2	0	5
2497	10	47	2	0	5
2498	10	48	2	0	5
2499	10	49	2	0	5
2500	10	50	2	0	5
3001	1	1	3	0	3
3002	1	2	3	0	3
3003	1	3	3	7	3
3004	1	4	3	0	3
3005	1	5	3	0	3
3006	1	6	3	0	3
3007	1	7	3	0	3
3008	1	8	3	0	3
3009	1	9	3	0	3
3010	1	10	3	0	3
3011	1	11	3	0	3
3012	1	12	3	0	3
3013	1	13	3	0	3
3014	1	14	3	0	3
3015	1	15	3	0	3
3016	1	16	3	0	3
3017	1	17	3	0	3
3018	1	18	3	0	3
3019	1	19	3	0	3
3020	1	20	3	0	3
3021	1	21	3	0	3
3022	1	22	3	0	3
3023	1	23	3	0	3
3024	1	24	3	0	3
3025	1	25	3	0	3
3026	1	26	3	0	3
3027	1	27	3	0	3
3028	1	28	3	0	3
3029	1	29	3	0	3
3030	1	30	3	0	3
3031	1	31	3	0	3
3032	1	32	3	0	3
3033	1	33	3	0	3
3034	1	34	3	0	3
3035	1	35	3	0	3
3036	1	36	3	0	3
3037	1	37	3	0	3
3038	1	38	3	0	3
3039	1	39	3	0	3
3040	1	40	3	0	3
3041	2	1	3	0	3
3042	2	2	3	0	3
3043	2	3	3	0	3
3044	2	4	3	0	3
3045	2	5	3	0	3
3046	2	6	3	0	3
3047	2	7	3	0	3
3048	2	8	3	0	3
3049	2	9	3	0	3
3050	2	10	3	0	3
3051	2	11	3	0	3
3052	2	12	3	0	3
3053	2	13	3	0	3
3054	2	14	3	0	3
3055	2	15	3	0	3
3056	2	16	3	0	3
3057	2	17	3	0	3
3058	2	18	3	0	3
3059	2	19	3	0	3
3060	2	20	3	0	3
3061	2	21	3	0	3
3062	2	22	3	0	3
3063	2	23	3	0	3
3064	2	24	3	0	3
3065	2	25	3	0	3
3066	2	26	3	0	3
3067	2	27	3	0	3
3068	2	28	3	0	3
3069	2	29	3	0	3
3070	2	30	3	0	3
3071	2	31	3	0	3
3072	2	32	3	0	3
3073	2	33	3	0	3
3074	2	34	3	0	3
3075	2	35	3	0	3
3076	2	36	3	0	3
3077	2	37	3	0	3
3078	2	38	3	0	3
3079	2	39	3	0	3
3080	2	40	3	0	3
3081	3	1	3	0	3
3082	3	2	3	0	3
3083	3	3	3	0	3
3084	3	4	3	0	3
3085	3	5	3	0	3
3086	3	6	3	0	3
3087	3	7	3	0	3
3088	3	8	3	0	3
3089	3	9	3	0	3
3090	3	10	3	0	3
3091	3	11	3	0	3
3092	3	12	3	0	3
3093	3	13	3	0	3
3094	3	14	3	0	3
3095	3	15	3	0	3
3096	3	16	3	0	3
3097	3	17	3	0	3
3098	3	18	3	0	3
3099	3	19	3	0	3
3100	3	20	3	0	3
3101	3	21	3	0	3
3102	3	22	3	0	3
3103	3	23	3	0	3
3104	3	24	3	0	3
3105	3	25	3	0	3
3106	3	26	3	0	3
3107	3	27	3	0	3
3108	3	28	3	0	3
3109	3	29	3	0	3
3110	3	30	3	0	3
3111	3	31	3	0	3
3112	3	32	3	0	3
3113	3	33	3	0	3
3114	3	34	3	0	3
3115	3	35	3	0	3
3116	3	36	3	0	3
3117	3	37	3	0	3
3118	3	38	3	0	3
3119	3	39	3	0	3
3120	3	40	3	0	3
3121	4	1	3	0	3
3122	4	2	3	0	3
3123	4	3	3	0	3
3124	4	4	3	0	3
3125	4	5	3	0	3
3126	4	6	3	0	3
3127	4	7	3	0	3
3128	4	8	3	0	3
3129	4	9	3	0	3
3130	4	10	3	0	3
3131	4	11	3	0	3
3132	4	12	3	0	3
3133	4	13	3	0	3
3134	4	14	3	0	3
3135	4	15	3	0	3
3136	4	16	3	0	3
3137	4	17	3	0	3
3138	4	18	3	0	3
3139	4	19	3	0	3
3140	4	20	3	0	3
3141	4	21	3	0	3
3142	4	22	3	0	3
3143	4	23	3	0	3
3144	4	24	3	0	3
3145	4	25	3	0	3
3146	4	26	3	0	3
3147	4	27	3	0	3
3148	4	28	3	0	3
3149	4	29	3	0	3
3150	4	30	3	0	3
3151	4	31	3	0	3
3152	4	32	3	0	3
3153	4	33	3	0	3
3154	4	34	3	0	3
3155	4	35	3	0	3
3156	4	36	3	0	3
3157	4	37	3	0	3
3158	4	38	3	0	3
3159	4	39	3	0	3
3160	4	40	3	0	3
3161	5	1	3	0	3
3162	5	2	3	0	3
3163	5	3	3	0	3
3164	5	4	3	0	3
3165	5	5	3	0	3
3166	5	6	3	0	3
3167	5	7	3	0	3
3168	5	8	3	0	3
3169	5	9	3	0	3
3170	5	10	3	0	3
3171	5	11	3	0	3
3172	5	12	3	0	3
3173	5	13	3	0	3
3174	5	14	3	0	3
3175	5	15	3	0	3
3176	5	16	3	0	3
3177	5	17	3	0	3
3178	5	18	3	0	3
3179	5	19	3	0	3
3180	5	20	3	0	3
3181	5	21	3	0	3
3182	5	22	3	0	3
3183	5	23	3	0	3
3184	5	24	3	0	3
3185	5	25	3	0	3
3186	5	26	3	0	3
3187	5	27	3	0	3
3188	5	28	3	0	3
3189	5	29	3	0	3
3190	5	30	3	0	3
3191	5	31	3	0	3
3192	5	32	3	0	3
3193	5	33	3	0	3
3194	5	34	3	0	3
3195	5	35	3	0	3
3196	5	36	3	0	3
3197	5	37	3	0	3
3198	5	38	3	0	3
3199	5	39	3	0	3
3200	5	40	3	0	3
3201	6	1	3	0	3
3202	6	2	3	0	3
3203	6	3	3	0	3
3204	6	4	3	0	3
3205	6	5	3	0	3
3206	6	6	3	0	3
3207	6	7	3	0	3
3208	6	8	3	0	3
3209	6	9	3	0	3
3210	6	10	3	0	3
3211	6	11	3	0	3
3212	6	12	3	0	3
3213	6	13	3	0	3
3214	6	14	3	0	3
3215	6	15	3	0	3
3216	6	16	3	0	3
3217	6	17	3	0	3
3218	6	18	3	0	3
3219	6	19	3	0	3
3220	6	20	3	0	3
3221	6	21	3	0	3
3222	6	22	3	0	3
3223	6	23	3	0	3
3224	6	24	3	0	3
3225	6	25	3	0	3
3226	6	26	3	0	3
3227	6	27	3	0	3
3228	6	28	3	0	3
3229	6	29	3	0	3
3230	6	30	3	0	3
3231	6	31	3	0	3
3232	6	32	3	0	3
3233	6	33	3	0	3
3234	6	34	3	0	3
3235	6	35	3	0	3
3236	6	36	3	0	3
3237	6	37	3	0	3
3238	6	38	3	0	3
3239	6	39	3	0	3
3240	6	40	3	0	3
3241	7	1	3	0	3
3242	7	2	3	0	3
3243	7	3	3	0	3
3244	7	4	3	0	3
3245	7	5	3	0	3
3246	7	6	3	0	3
3247	7	7	3	0	3
3248	7	8	3	0	3
3249	7	9	3	0	3
3250	7	10	3	0	3
3251	7	11	3	0	3
3252	7	12	3	0	3
3253	7	13	3	0	3
3254	7	14	3	0	3
3255	7	15	3	0	3
3256	7	16	3	0	3
3257	7	17	3	0	3
3258	7	18	3	0	3
3259	7	19	3	0	3
3260	7	20	3	0	3
3261	7	21	3	0	3
3262	7	22	3	0	3
3263	7	23	3	0	3
3264	7	24	3	0	3
3265	7	25	3	0	3
3266	7	26	3	0	3
3267	7	27	3	0	3
3268	7	28	3	0	3
3269	7	29	3	0	3
3270	7	30	3	0	3
3271	7	31	3	0	3
3272	7	32	3	0	3
3273	7	33	3	0	3
3274	7	34	3	0	3
3275	7	35	3	0	3
3276	7	36	3	0	3
3277	7	37	3	0	3
3278	7	38	3	0	3
3279	7	39	3	0	3
3280	7	40	3	0	3
3281	8	1	3	0	3
3282	8	2	3	0	3
3283	8	3	3	0	3
3284	8	4	3	0	3
3285	8	5	3	0	3
3286	8	6	3	0	3
3287	8	7	3	0	3
3288	8	8	3	0	3
3289	8	9	3	0	3
3290	8	10	3	0	3
3291	8	11	3	0	3
3292	8	12	3	0	3
3293	8	13	3	0	3
3294	8	14	3	0	3
3295	8	15	3	0	3
3296	8	16	3	0	3
3297	8	17	3	0	3
3298	8	18	3	0	3
3299	8	19	3	0	3
3300	8	20	3	0	3
3301	8	21	3	0	3
3302	8	22	3	0	3
3303	8	23	3	0	3
3304	8	24	3	0	3
3305	8	25	3	0	3
3306	8	26	3	0	3
3307	8	27	3	0	3
3308	8	28	3	0	3
3309	8	29	3	0	3
3310	8	30	3	0	3
3311	8	31	3	0	3
3312	8	32	3	0	3
3313	8	33	3	0	3
3314	8	34	3	0	3
3315	8	35	3	0	3
3316	8	36	3	0	3
3317	8	37	3	0	3
3318	8	38	3	0	3
3319	8	39	3	0	3
3320	8	40	3	0	3
3321	9	1	3	0	3
3322	9	2	3	0	3
3323	9	3	3	0	3
3324	9	4	3	0	3
3325	9	5	3	0	3
3326	9	6	3	0	3
3327	9	7	3	0	3
3328	9	8	3	0	3
3329	9	9	3	0	3
3330	9	10	3	0	3
3331	9	11	3	0	3
3332	9	12	3	0	3
3333	9	13	3	0	3
3334	9	14	3	0	3
3335	9	15	3	0	3
3336	9	16	3	0	3
3337	9	17	3	0	3
3338	9	18	3	0	3
3339	9	19	3	0	3
3340	9	20	3	0	3
3341	9	21	3	0	3
3342	9	22	3	0	3
3343	9	23	3	0	3
3344	9	24	3	0	3
3345	9	25	3	0	3
3346	9	26	3	0	3
3347	9	27	3	0	3
3348	9	28	3	0	3
3349	9	29	3	0	3
3350	9	30	3	0	3
3351	9	31	3	0	3
3352	9	32	3	0	3
3353	9	33	3	0	3
3354	9	34	3	0	3
3355	9	35	3	0	3
3356	9	36	3	0	3
3357	9	37	3	0	3
3358	9	38	3	0	3
3359	9	39	3	0	3
3360	9	40	3	0	3
3361	10	1	3	0	3
3362	10	2	3	0	3
3363	10	3	3	0	3
3364	10	4	3	0	3
3365	10	5	3	0	3
3366	10	6	3	0	3
3367	10	7	3	0	3
3368	10	8	3	0	3
3369	10	9	3	0	3
3370	10	10	3	0	3
3371	10	11	3	0	3
3372	10	12	3	0	3
3373	10	13	3	0	3
3374	10	14	3	0	3
3375	10	15	3	0	3
3376	10	16	3	0	3
3377	10	17	3	0	3
3378	10	18	3	0	3
3379	10	19	3	0	3
3380	10	20	3	0	3
3381	10	21	3	0	3
3382	10	22	3	0	3
3383	10	23	3	0	3
3384	10	24	3	0	3
3385	10	25	3	0	3
3386	10	26	3	0	3
3387	10	27	3	0	3
3388	10	28	3	0	3
3389	10	29	3	0	3
3390	10	30	3	0	3
3391	10	31	3	0	3
3392	10	32	3	0	3
3393	10	33	3	0	3
3394	10	34	3	0	3
3395	10	35	3	0	3
3396	10	36	3	0	3
3397	10	37	3	0	3
3398	10	38	3	0	3
3399	10	39	3	0	3
3400	10	40	3	0	3
4001	1	1	4	0	3
4002	1	2	4	0	3
4003	1	3	4	0	3
4004	1	4	4	0	3
4005	1	5	4	0	3
4006	1	6	4	0	3
4007	1	7	4	0	3
4008	1	8	4	0	3
4009	1	9	4	0	3
4010	1	10	4	0	3
4011	1	11	4	0	3
4012	1	12	4	0	3
4013	1	13	4	0	3
4014	1	14	4	0	3
4015	1	15	4	0	3
4016	1	16	4	0	3
4017	1	17	4	0	3
4018	1	18	4	0	3
4019	1	19	4	0	3
4020	1	20	4	0	3
4021	1	21	4	0	3
4022	1	22	4	0	3
4023	1	23	4	0	3
4024	1	24	4	0	3
4025	1	25	4	0	3
4026	1	26	4	0	3
4027	1	27	4	0	3
4028	1	28	4	0	3
4029	1	29	4	0	3
4030	1	30	4	0	3
4031	1	31	4	0	3
4032	1	32	4	0	3
4033	1	33	4	0	3
4034	1	34	4	0	3
4035	1	35	4	0	3
4036	1	36	4	0	3
4037	1	37	4	0	3
4038	1	38	4	0	3
4039	1	39	4	0	3
4040	1	40	4	0	3
4041	2	1	4	0	3
4042	2	2	4	0	3
4043	2	3	4	0	3
4044	2	4	4	0	3
4045	2	5	4	0	3
4046	2	6	4	0	3
4047	2	7	4	0	3
4048	2	8	4	0	3
4049	2	9	4	0	3
4050	2	10	4	0	3
4051	2	11	4	0	3
4052	2	12	4	0	3
4053	2	13	4	0	3
4054	2	14	4	0	3
4055	2	15	4	0	3
4056	2	16	4	0	3
4057	2	17	4	0	3
4058	2	18	4	0	3
4059	2	19	4	0	3
4060	2	20	4	0	3
4061	2	21	4	0	3
4062	2	22	4	0	3
4063	2	23	4	0	3
4064	2	24	4	0	3
4065	2	25	4	0	3
4066	2	26	4	0	3
4067	2	27	4	0	3
4068	2	28	4	0	3
4069	2	29	4	0	3
4070	2	30	4	0	3
4071	2	31	4	0	3
4072	2	32	4	0	3
4073	2	33	4	0	3
4074	2	34	4	0	3
4075	2	35	4	0	3
4076	2	36	4	0	3
4077	2	37	4	0	3
4078	2	38	4	0	3
4079	2	39	4	0	3
4080	2	40	4	0	3
4081	3	1	4	0	3
4082	3	2	4	0	3
4083	3	3	4	0	3
4084	3	4	4	0	3
4085	3	5	4	0	3
4086	3	6	4	0	3
4087	3	7	4	0	3
4088	3	8	4	0	3
4089	3	9	4	0	3
4090	3	10	4	0	3
4091	3	11	4	0	3
4092	3	12	4	0	3
4093	3	13	4	0	3
4094	3	14	4	0	3
4095	3	15	4	0	3
4096	3	16	4	0	3
4097	3	17	4	0	3
4098	3	18	4	0	3
4099	3	19	4	0	3
4100	3	20	4	0	3
4101	3	21	4	0	3
4102	3	22	4	0	3
4103	3	23	4	0	3
4104	3	24	4	0	3
4105	3	25	4	0	3
4106	3	26	4	0	3
4107	3	27	4	0	3
4108	3	28	4	0	3
4109	3	29	4	0	3
4110	3	30	4	0	3
4111	3	31	4	0	3
4112	3	32	4	0	3
4113	3	33	4	0	3
4114	3	34	4	0	3
4115	3	35	4	0	3
4116	3	36	4	0	3
4117	3	37	4	0	3
4118	3	38	4	0	3
4119	3	39	4	0	3
4120	3	40	4	0	3
4121	4	1	4	0	3
4122	4	2	4	0	3
4123	4	3	4	0	3
4124	4	4	4	0	3
4125	4	5	4	0	3
4126	4	6	4	0	3
4127	4	7	4	0	3
4128	4	8	4	0	3
4129	4	9	4	0	3
4130	4	10	4	0	3
4131	4	11	4	0	3
4132	4	12	4	0	3
4133	4	13	4	0	3
4134	4	14	4	0	3
4135	4	15	4	0	3
4136	4	16	4	0	3
4137	4	17	4	0	3
4138	4	18	4	0	3
4139	4	19	4	0	3
4140	4	20	4	0	3
4141	4	21	4	0	3
4142	4	22	4	0	3
4143	4	23	4	0	3
4144	4	24	4	0	3
4145	4	25	4	0	3
4146	4	26	4	0	3
4147	4	27	4	0	3
4148	4	28	4	0	3
4149	4	29	4	0	3
4150	4	30	4	0	3
4151	4	31	4	0	3
4152	4	32	4	0	3
4153	4	33	4	0	3
4154	4	34	4	0	3
4155	4	35	4	0	3
4156	4	36	4	0	3
4157	4	37	4	0	3
4158	4	38	4	0	3
4159	4	39	4	0	3
4160	4	40	4	0	3
4161	5	1	4	0	3
4162	5	2	4	0	3
4163	5	3	4	0	3
4164	5	4	4	0	3
4165	5	5	4	0	3
4166	5	6	4	0	3
4167	5	7	4	0	3
4168	5	8	4	0	3
4169	5	9	4	0	3
4170	5	10	4	0	3
4171	5	11	4	0	3
4172	5	12	4	0	3
4173	5	13	4	0	3
4174	5	14	4	0	3
4175	5	15	4	0	3
4176	5	16	4	0	3
4177	5	17	4	0	3
4178	5	18	4	0	3
4179	5	19	4	0	3
4180	5	20	4	0	3
4181	5	21	4	0	3
4182	5	22	4	0	3
4183	5	23	4	0	3
4184	5	24	4	0	3
4185	5	25	4	0	3
4186	5	26	4	0	3
4187	5	27	4	0	3
4188	5	28	4	0	3
4189	5	29	4	0	3
4190	5	30	4	0	3
4191	5	31	4	0	3
4192	5	32	4	0	3
4193	5	33	4	0	3
4194	5	34	4	0	3
4195	5	35	4	0	3
4196	5	36	4	0	3
4197	5	37	4	0	3
4198	5	38	4	0	3
4199	5	39	4	0	3
4200	5	40	4	0	3
4201	6	1	4	0	3
4202	6	2	4	0	3
4203	6	3	4	0	3
4204	6	4	4	0	3
4205	6	5	4	0	3
4206	6	6	4	0	3
4207	6	7	4	0	3
4208	6	8	4	0	3
4209	6	9	4	0	3
4210	6	10	4	0	3
4211	6	11	4	0	3
4212	6	12	4	0	3
4213	6	13	4	0	3
4214	6	14	4	0	3
4215	6	15	4	0	3
4216	6	16	4	0	3
4217	6	17	4	0	3
4218	6	18	4	0	3
4219	6	19	4	0	3
4220	6	20	4	0	3
4221	6	21	4	0	3
4222	6	22	4	0	3
4223	6	23	4	0	3
4224	6	24	4	0	3
4225	6	25	4	0	3
4226	6	26	4	0	3
4227	6	27	4	0	3
4228	6	28	4	0	3
4229	6	29	4	0	3
4230	6	30	4	0	3
4231	6	31	4	0	3
4232	6	32	4	0	3
4233	6	33	4	0	3
4234	6	34	4	0	3
4235	6	35	4	0	3
4236	6	36	4	0	3
4237	6	37	4	0	3
4238	6	38	4	0	3
4239	6	39	4	0	3
4240	6	40	4	0	3
4241	7	1	4	0	3
4242	7	2	4	0	3
4243	7	3	4	0	3
4244	7	4	4	0	3
4245	7	5	4	0	3
4246	7	6	4	0	3
4247	7	7	4	0	3
4248	7	8	4	0	3
4249	7	9	4	0	3
4250	7	10	4	0	3
4251	7	11	4	0	3
4252	7	12	4	0	3
4253	7	13	4	0	3
4254	7	14	4	0	3
4255	7	15	4	0	3
4256	7	16	4	0	3
4257	7	17	4	0	3
4258	7	18	4	0	3
4259	7	19	4	0	3
4260	7	20	4	0	3
4261	7	21	4	0	3
4262	7	22	4	0	3
4263	7	23	4	0	3
4264	7	24	4	0	3
4265	7	25	4	0	3
4266	7	26	4	0	3
4267	7	27	4	0	3
4268	7	28	4	0	3
4269	7	29	4	0	3
4270	7	30	4	0	3
4271	7	31	4	0	3
4272	7	32	4	0	3
4273	7	33	4	0	3
4274	7	34	4	0	3
4275	7	35	4	0	3
4276	7	36	4	0	3
4277	7	37	4	0	3
4278	7	38	4	0	3
4279	7	39	4	0	3
4280	7	40	4	0	3
4281	8	1	4	0	3
4282	8	2	4	0	3
4283	8	3	4	0	3
4284	8	4	4	0	3
4285	8	5	4	0	3
4286	8	6	4	0	3
4287	8	7	4	0	3
4288	8	8	4	0	3
4289	8	9	4	0	3
4290	8	10	4	0	3
4291	8	11	4	0	3
4292	8	12	4	0	3
4293	8	13	4	0	3
4294	8	14	4	0	3
4295	8	15	4	0	3
4296	8	16	4	0	3
4297	8	17	4	0	3
4298	8	18	4	0	3
4299	8	19	4	0	3
4300	8	20	4	0	3
4301	8	21	4	0	3
4302	8	22	4	0	3
4303	8	23	4	0	3
4304	8	24	4	0	3
4305	8	25	4	0	3
4306	8	26	4	0	3
4307	8	27	4	0	3
4308	8	28	4	0	3
4309	8	29	4	0	3
4310	8	30	4	0	3
4311	8	31	4	0	3
4312	8	32	4	0	3
4313	8	33	4	0	3
4314	8	34	4	0	3
4315	8	35	4	0	3
4316	8	36	4	0	3
4317	8	37	4	0	3
4318	8	38	4	0	3
4319	8	39	4	0	3
4320	8	40	4	0	3
4321	9	1	4	0	3
4322	9	2	4	0	3
4323	9	3	4	0	3
4324	9	4	4	0	3
4325	9	5	4	0	3
4326	9	6	4	0	3
4327	9	7	4	0	3
4328	9	8	4	0	3
4329	9	9	4	0	3
4330	9	10	4	0	3
4331	9	11	4	0	3
4332	9	12	4	0	3
4333	9	13	4	0	3
4334	9	14	4	0	3
4335	9	15	4	0	3
4336	9	16	4	0	3
4337	9	17	4	0	3
4338	9	18	4	0	3
4339	9	19	4	0	3
4340	9	20	4	0	3
4341	9	21	4	0	3
4342	9	22	4	0	3
4343	9	23	4	0	3
4344	9	24	4	0	3
4345	9	25	4	0	3
4346	9	26	4	0	3
4347	9	27	4	0	3
4348	9	28	4	0	3
4349	9	29	4	0	3
4350	9	30	4	0	3
4351	9	31	4	0	3
4352	9	32	4	0	3
4353	9	33	4	0	3
4354	9	34	4	0	3
4355	9	35	4	0	3
4356	9	36	4	0	3
4357	9	37	4	0	3
4358	9	38	4	0	3
4359	9	39	4	0	3
4360	9	40	4	0	3
4361	10	1	4	0	3
4362	10	2	4	0	3
4363	10	3	4	0	3
4364	10	4	4	0	3
4365	10	5	4	0	3
4366	10	6	4	0	3
4367	10	7	4	0	3
4368	10	8	4	0	3
4369	10	9	4	0	3
4370	10	10	4	0	3
4371	10	11	4	0	3
4372	10	12	4	0	3
4373	10	13	4	0	3
4374	10	14	4	0	3
4375	10	15	4	0	3
4376	10	16	4	0	3
4377	10	17	4	0	3
4378	10	18	4	0	3
4379	10	19	4	0	3
4380	10	20	4	0	3
4381	10	21	4	0	3
4382	10	22	4	0	3
4383	10	23	4	0	3
4384	10	24	4	0	3
4385	10	25	4	0	3
4386	10	26	4	0	3
4387	10	27	4	0	3
4388	10	28	4	0	3
4389	10	29	4	0	3
4390	10	30	4	0	3
4391	10	31	4	0	3
4392	10	32	4	0	3
4393	10	33	4	0	3
4394	10	34	4	0	3
4395	10	35	4	0	3
4396	10	36	4	0	3
4397	10	37	4	0	3
4398	10	38	4	0	3
4399	10	39	4	0	3
4400	10	40	4	0	3
5001	1	1	5	0	3
5002	1	2	5	0	3
5003	1	3	5	0	3
5004	1	4	5	0	3
5005	1	5	5	0	3
5006	1	6	5	0	3
5007	1	7	5	0	3
5008	1	8	5	0	3
5009	1	9	5	0	3
5010	1	10	5	0	3
5011	1	11	5	0	3
5012	1	12	5	0	3
5013	1	13	5	0	3
5014	1	14	5	0	3
5015	1	15	5	0	3
5016	1	16	5	0	3
5017	1	17	5	0	3
5018	1	18	5	0	3
5019	1	19	5	0	3
5020	1	20	5	0	3
5021	1	21	5	0	3
5022	1	22	5	0	3
5023	1	23	5	0	3
5024	1	24	5	0	3
5025	1	25	5	0	3
5026	1	26	5	0	3
5027	1	27	5	0	3
5028	1	28	5	0	3
5029	1	29	5	0	3
5030	1	30	5	0	3
5031	1	31	5	0	3
5032	1	32	5	0	3
5033	1	33	5	0	3
5034	1	34	5	0	3
5035	1	35	5	0	3
5036	1	36	5	0	3
5037	1	37	5	0	3
5038	1	38	5	0	3
5039	1	39	5	0	3
5040	1	40	5	0	3
5041	2	1	5	0	3
5042	2	2	5	0	3
5043	2	3	5	0	3
5044	2	4	5	0	3
5045	2	5	5	0	3
5046	2	6	5	0	3
5047	2	7	5	0	3
5048	2	8	5	0	3
5049	2	9	5	0	3
5050	2	10	5	0	3
5051	2	11	5	0	3
5052	2	12	5	0	3
5053	2	13	5	0	3
5054	2	14	5	0	3
5055	2	15	5	0	3
5056	2	16	5	0	3
5057	2	17	5	0	3
5058	2	18	5	0	3
5059	2	19	5	0	3
5060	2	20	5	0	3
5061	2	21	5	0	3
5062	2	22	5	0	3
5063	2	23	5	0	3
5064	2	24	5	0	3
5065	2	25	5	0	3
5066	2	26	5	0	3
5067	2	27	5	0	3
5068	2	28	5	0	3
5069	2	29	5	0	3
5070	2	30	5	0	3
5071	2	31	5	0	3
5072	2	32	5	0	3
5073	2	33	5	0	3
5074	2	34	5	0	3
5075	2	35	5	0	3
5076	2	36	5	0	3
5077	2	37	5	0	3
5078	2	38	5	0	3
5079	2	39	5	0	3
5080	2	40	5	0	3
5081	3	1	5	0	3
5082	3	2	5	0	3
5083	3	3	5	0	3
5084	3	4	5	0	3
5085	3	5	5	0	3
5086	3	6	5	0	3
5087	3	7	5	0	3
5088	3	8	5	0	3
5089	3	9	5	0	3
5090	3	10	5	0	3
5091	3	11	5	0	3
5092	3	12	5	0	3
5093	3	13	5	0	3
5094	3	14	5	0	3
5095	3	15	5	0	3
5096	3	16	5	0	3
5097	3	17	5	0	3
5098	3	18	5	0	3
5099	3	19	5	0	3
5100	3	20	5	0	3
5101	3	21	5	0	3
5102	3	22	5	0	3
5103	3	23	5	0	3
5104	3	24	5	0	3
5105	3	25	5	0	3
5106	3	26	5	0	3
5107	3	27	5	0	3
5108	3	28	5	0	3
5109	3	29	5	0	3
5110	3	30	5	0	3
5111	3	31	5	0	3
5112	3	32	5	0	3
5113	3	33	5	0	3
5114	3	34	5	0	3
5115	3	35	5	0	3
5116	3	36	5	0	3
5117	3	37	5	0	3
5118	3	38	5	0	3
5119	3	39	5	0	3
5120	3	40	5	0	3
5121	4	1	5	0	3
5122	4	2	5	0	3
5123	4	3	5	0	3
5124	4	4	5	0	3
5125	4	5	5	0	3
5126	4	6	5	0	3
5127	4	7	5	0	3
5128	4	8	5	0	3
5129	4	9	5	0	3
5130	4	10	5	0	3
5131	4	11	5	0	3
5132	4	12	5	0	3
5133	4	13	5	0	3
5134	4	14	5	0	3
5135	4	15	5	0	3
5136	4	16	5	0	3
5137	4	17	5	0	3
5138	4	18	5	0	3
5139	4	19	5	0	3
5140	4	20	5	0	3
5141	4	21	5	0	3
5142	4	22	5	0	3
5143	4	23	5	0	3
5144	4	24	5	0	3
5145	4	25	5	0	3
5146	4	26	5	0	3
5147	4	27	5	0	3
5148	4	28	5	0	3
5149	4	29	5	0	3
5150	4	30	5	0	3
5151	4	31	5	0	3
5152	4	32	5	0	3
5153	4	33	5	0	3
5154	4	34	5	0	3
5155	4	35	5	0	3
5156	4	36	5	0	3
5157	4	37	5	0	3
5158	4	38	5	0	3
5159	4	39	5	0	3
5160	4	40	5	0	3
5161	5	1	5	0	3
5162	5	2	5	0	3
5163	5	3	5	0	3
5164	5	4	5	0	3
5165	5	5	5	0	3
5166	5	6	5	0	3
5167	5	7	5	0	3
5168	5	8	5	0	3
5169	5	9	5	0	3
5170	5	10	5	0	3
5171	5	11	5	0	3
5172	5	12	5	0	3
5173	5	13	5	0	3
5174	5	14	5	0	3
5175	5	15	5	0	3
5176	5	16	5	0	3
5177	5	17	5	0	3
5178	5	18	5	0	3
5179	5	19	5	0	3
5180	5	20	5	0	3
5181	5	21	5	0	3
5182	5	22	5	0	3
5183	5	23	5	0	3
5184	5	24	5	0	3
5185	5	25	5	0	3
5186	5	26	5	0	3
5187	5	27	5	0	3
5188	5	28	5	0	3
5189	5	29	5	0	3
5190	5	30	5	0	3
5191	5	31	5	0	3
5192	5	32	5	0	3
5193	5	33	5	0	3
5194	5	34	5	0	3
5195	5	35	5	0	3
5196	5	36	5	0	3
5197	5	37	5	0	3
5198	5	38	5	0	3
5199	5	39	5	0	3
5200	5	40	5	0	3
5201	6	1	5	0	3
5202	6	2	5	0	3
5203	6	3	5	0	3
5204	6	4	5	0	3
5205	6	5	5	0	3
5206	6	6	5	0	3
5207	6	7	5	0	3
5208	6	8	5	0	3
5209	6	9	5	0	3
5210	6	10	5	0	3
5211	6	11	5	0	3
5212	6	12	5	0	3
5213	6	13	5	0	3
5214	6	14	5	0	3
5215	6	15	5	0	3
5216	6	16	5	0	3
5217	6	17	5	0	3
5218	6	18	5	0	3
5219	6	19	5	0	3
5220	6	20	5	0	3
5221	6	21	5	0	3
5222	6	22	5	0	3
5223	6	23	5	0	3
5224	6	24	5	0	3
5225	6	25	5	0	3
5226	6	26	5	0	3
5227	6	27	5	0	3
5228	6	28	5	0	3
5229	6	29	5	0	3
5230	6	30	5	0	3
5231	6	31	5	0	3
5232	6	32	5	0	3
5233	6	33	5	0	3
5234	6	34	5	0	3
5235	6	35	5	0	3
5236	6	36	5	0	3
5237	6	37	5	0	3
5238	6	38	5	0	3
5239	6	39	5	0	3
5240	6	40	5	0	3
5241	7	1	5	0	3
5242	7	2	5	0	3
5243	7	3	5	0	3
5244	7	4	5	0	3
5245	7	5	5	0	3
5246	7	6	5	0	3
5247	7	7	5	0	3
5248	7	8	5	0	3
5249	7	9	5	0	3
5250	7	10	5	0	3
5251	7	11	5	0	3
5252	7	12	5	0	3
5253	7	13	5	0	3
5254	7	14	5	0	3
5255	7	15	5	0	3
5256	7	16	5	0	3
5257	7	17	5	0	3
5258	7	18	5	0	3
5259	7	19	5	0	3
5260	7	20	5	0	3
5261	7	21	5	0	3
5262	7	22	5	0	3
5263	7	23	5	0	3
5264	7	24	5	0	3
5265	7	25	5	0	3
5266	7	26	5	0	3
5267	7	27	5	0	3
5268	7	28	5	0	3
5269	7	29	5	0	3
5270	7	30	5	0	3
5271	7	31	5	0	3
5272	7	32	5	0	3
5273	7	33	5	0	3
5274	7	34	5	0	3
5275	7	35	5	0	3
5276	7	36	5	0	3
5277	7	37	5	0	3
5278	7	38	5	0	3
5279	7	39	5	0	3
5280	7	40	5	0	3
5281	8	1	5	0	3
5282	8	2	5	0	3
5283	8	3	5	0	3
5284	8	4	5	0	3
5285	8	5	5	0	3
5286	8	6	5	0	3
5287	8	7	5	0	3
5288	8	8	5	0	3
5289	8	9	5	0	3
5290	8	10	5	0	3
5291	8	11	5	0	3
5292	8	12	5	0	3
5293	8	13	5	0	3
5294	8	14	5	0	3
5295	8	15	5	0	3
5296	8	16	5	0	3
5297	8	17	5	0	3
5298	8	18	5	0	3
5299	8	19	5	0	3
5300	8	20	5	0	3
5301	8	21	5	0	3
5302	8	22	5	0	3
5303	8	23	5	0	3
5304	8	24	5	0	3
5305	8	25	5	0	3
5306	8	26	5	0	3
5307	8	27	5	0	3
5308	8	28	5	0	3
5309	8	29	5	0	3
5310	8	30	5	0	3
5311	8	31	5	0	3
5312	8	32	5	0	3
5313	8	33	5	0	3
5314	8	34	5	0	3
5315	8	35	5	0	3
5316	8	36	5	0	3
5317	8	37	5	0	3
5318	8	38	5	0	3
5319	8	39	5	0	3
5320	8	40	5	0	3
5321	9	1	5	0	3
5322	9	2	5	0	3
5323	9	3	5	0	3
5324	9	4	5	0	3
5325	9	5	5	0	3
5326	9	6	5	0	3
5327	9	7	5	0	3
5328	9	8	5	0	3
5329	9	9	5	0	3
5330	9	10	5	0	3
5331	9	11	5	0	3
5332	9	12	5	0	3
5333	9	13	5	0	3
5334	9	14	5	0	3
5335	9	15	5	0	3
5336	9	16	5	0	3
5337	9	17	5	0	3
5338	9	18	5	0	3
5339	9	19	5	0	3
5340	9	20	5	0	3
5341	9	21	5	0	3
5342	9	22	5	0	3
5343	9	23	5	0	3
5344	9	24	5	0	3
5345	9	25	5	0	3
5346	9	26	5	0	3
5347	9	27	5	0	3
5348	9	28	5	0	3
5349	9	29	5	0	3
5350	9	30	5	0	3
5351	9	31	5	0	3
5352	9	32	5	0	3
5353	9	33	5	0	3
5354	9	34	5	0	3
5355	9	35	5	0	3
5356	9	36	5	0	3
5357	9	37	5	0	3
5358	9	38	5	0	3
5359	9	39	5	0	3
5360	9	40	5	0	3
5361	10	1	5	0	3
5362	10	2	5	0	3
5363	10	3	5	0	3
5364	10	4	5	0	3
5365	10	5	5	0	3
5366	10	6	5	0	3
5367	10	7	5	0	3
5368	10	8	5	0	3
5369	10	9	5	0	3
5370	10	10	5	0	3
5371	10	11	5	0	3
5372	10	12	5	0	3
5373	10	13	5	0	3
5374	10	14	5	0	3
5375	10	15	5	0	3
5376	10	16	5	0	3
5377	10	17	5	0	3
5378	10	18	5	0	3
5379	10	19	5	0	3
5380	10	20	5	0	3
5381	10	21	5	0	3
5382	10	22	5	0	3
5383	10	23	5	0	3
5384	10	24	5	0	3
5385	10	25	5	0	3
5386	10	26	5	0	3
5387	10	27	5	0	3
5388	10	28	5	0	3
5389	10	29	5	0	3
5390	10	30	5	0	3
5391	10	31	5	0	3
5392	10	32	5	0	3
5393	10	33	5	0	3
5394	10	34	5	0	3
5395	10	35	5	0	3
5396	10	36	5	0	3
5397	10	37	5	0	3
5398	10	38	5	0	3
5399	10	39	5	0	3
5400	10	40	5	0	3
6001	1	1	6	0	3
6002	1	2	6	0	3
6003	1	3	6	0	3
6004	1	4	6	0	3
6005	1	5	6	0	3
6006	1	6	6	0	3
6007	1	7	6	0	3
6008	1	8	6	0	3
6009	1	9	6	0	3
6010	1	10	6	0	3
6011	1	11	6	0	3
6012	1	12	6	0	3
6013	1	13	6	0	3
6014	1	14	6	0	3
6015	1	15	6	0	3
6016	1	16	6	0	3
6017	1	17	6	0	3
6018	1	18	6	0	3
6019	1	19	6	0	3
6020	1	20	6	0	3
6021	1	21	6	0	3
6022	1	22	6	0	3
6023	1	23	6	0	3
6024	1	24	6	0	3
6025	1	25	6	0	3
6026	1	26	6	0	3
6027	1	27	6	0	3
6028	1	28	6	0	3
6029	1	29	6	0	3
6030	1	30	6	0	3
6031	1	31	6	0	3
6032	1	32	6	0	3
6033	1	33	6	0	3
6034	1	34	6	0	3
6035	1	35	6	0	3
6036	1	36	6	0	3
6037	1	37	6	0	3
6038	1	38	6	0	3
6039	1	39	6	0	3
6040	1	40	6	0	3
6041	2	1	6	0	3
6042	2	2	6	0	3
6043	2	3	6	0	3
6044	2	4	6	0	3
6045	2	5	6	0	3
6046	2	6	6	0	3
6047	2	7	6	0	3
6048	2	8	6	0	3
6049	2	9	6	0	3
6050	2	10	6	0	3
6051	2	11	6	0	3
6052	2	12	6	0	3
6053	2	13	6	0	3
6054	2	14	6	0	3
6055	2	15	6	0	3
6056	2	16	6	0	3
6057	2	17	6	0	3
6058	2	18	6	0	3
6059	2	19	6	0	3
6060	2	20	6	0	3
6061	2	21	6	0	3
6062	2	22	6	0	3
6063	2	23	6	0	3
6064	2	24	6	0	3
6065	2	25	6	0	3
6066	2	26	6	0	3
6067	2	27	6	0	3
6068	2	28	6	0	3
6069	2	29	6	0	3
6070	2	30	6	0	3
6071	2	31	6	0	3
6072	2	32	6	0	3
6073	2	33	6	0	3
6074	2	34	6	0	3
6075	2	35	6	0	3
6076	2	36	6	0	3
6077	2	37	6	0	3
6078	2	38	6	0	3
6079	2	39	6	0	3
6080	2	40	6	0	3
6081	3	1	6	0	3
6082	3	2	6	0	3
6083	3	3	6	0	3
6084	3	4	6	0	3
6085	3	5	6	0	3
6086	3	6	6	0	3
6087	3	7	6	0	3
6088	3	8	6	0	3
6089	3	9	6	0	3
6090	3	10	6	0	3
6091	3	11	6	0	3
6092	3	12	6	0	3
6093	3	13	6	0	3
6094	3	14	6	0	3
6095	3	15	6	0	3
6096	3	16	6	0	3
6097	3	17	6	0	3
6098	3	18	6	0	3
6099	3	19	6	0	3
6100	3	20	6	0	3
6101	3	21	6	0	3
6102	3	22	6	0	3
6103	3	23	6	0	3
6104	3	24	6	0	3
6105	3	25	6	0	3
6106	3	26	6	0	3
6107	3	27	6	0	3
6108	3	28	6	0	3
6109	3	29	6	0	3
6110	3	30	6	0	3
6111	3	31	6	0	3
6112	3	32	6	0	3
6113	3	33	6	0	3
6114	3	34	6	0	3
6115	3	35	6	0	3
6116	3	36	6	0	3
6117	3	37	6	0	3
6118	3	38	6	0	3
6119	3	39	6	0	3
6120	3	40	6	0	3
6121	4	1	6	0	3
6122	4	2	6	0	3
6123	4	3	6	0	3
6124	4	4	6	0	3
6125	4	5	6	0	3
6126	4	6	6	0	3
6127	4	7	6	0	3
6128	4	8	6	0	3
6129	4	9	6	0	3
6130	4	10	6	0	3
6131	4	11	6	0	3
6132	4	12	6	0	3
6133	4	13	6	0	3
6134	4	14	6	0	3
6135	4	15	6	0	3
6136	4	16	6	0	3
6137	4	17	6	0	3
6138	4	18	6	0	3
6139	4	19	6	0	3
6140	4	20	6	0	3
6141	4	21	6	0	3
6142	4	22	6	0	3
6143	4	23	6	0	3
6144	4	24	6	0	3
6145	4	25	6	0	3
6146	4	26	6	0	3
6147	4	27	6	0	3
6148	4	28	6	0	3
6149	4	29	6	0	3
6150	4	30	6	0	3
6151	4	31	6	0	3
6152	4	32	6	0	3
6153	4	33	6	0	3
6154	4	34	6	0	3
6155	4	35	6	0	3
6156	4	36	6	0	3
6157	4	37	6	0	3
6158	4	38	6	0	3
6159	4	39	6	0	3
6160	4	40	6	0	3
6161	5	1	6	0	3
6162	5	2	6	0	3
6163	5	3	6	0	3
6164	5	4	6	0	3
6165	5	5	6	0	3
6166	5	6	6	0	3
6167	5	7	6	0	3
6168	5	8	6	0	3
6169	5	9	6	0	3
6170	5	10	6	0	3
6171	5	11	6	0	3
6172	5	12	6	0	3
6173	5	13	6	0	3
6174	5	14	6	0	3
6175	5	15	6	0	3
6176	5	16	6	0	3
6177	5	17	6	0	3
6178	5	18	6	0	3
6179	5	19	6	0	3
6180	5	20	6	0	3
6181	5	21	6	0	3
6182	5	22	6	0	3
6183	5	23	6	0	3
6184	5	24	6	0	3
6185	5	25	6	0	3
6186	5	26	6	0	3
6187	5	27	6	0	3
6188	5	28	6	0	3
6189	5	29	6	0	3
6190	5	30	6	0	3
6191	5	31	6	0	3
6192	5	32	6	0	3
6193	5	33	6	0	3
6194	5	34	6	0	3
6195	5	35	6	0	3
6196	5	36	6	0	3
6197	5	37	6	0	3
6198	5	38	6	0	3
6199	5	39	6	0	3
6200	5	40	6	0	3
6201	6	1	6	0	3
6202	6	2	6	0	3
6203	6	3	6	0	3
6204	6	4	6	0	3
6205	6	5	6	0	3
6206	6	6	6	0	3
6207	6	7	6	0	3
6208	6	8	6	0	3
6209	6	9	6	0	3
6210	6	10	6	0	3
6211	6	11	6	0	3
6212	6	12	6	0	3
6213	6	13	6	0	3
6214	6	14	6	0	3
6215	6	15	6	0	3
6216	6	16	6	0	3
6217	6	17	6	0	3
6218	6	18	6	0	3
6219	6	19	6	0	3
6220	6	20	6	0	3
6221	6	21	6	0	3
6222	6	22	6	0	3
6223	6	23	6	0	3
6224	6	24	6	0	3
6225	6	25	6	0	3
6226	6	26	6	0	3
6227	6	27	6	0	3
6228	6	28	6	0	3
6229	6	29	6	0	3
6230	6	30	6	0	3
6231	6	31	6	0	3
6232	6	32	6	0	3
6233	6	33	6	0	3
6234	6	34	6	0	3
6235	6	35	6	0	3
6236	6	36	6	0	3
6237	6	37	6	0	3
6238	6	38	6	0	3
6239	6	39	6	0	3
6240	6	40	6	0	3
6241	7	1	6	0	3
6242	7	2	6	0	3
6243	7	3	6	0	3
6244	7	4	6	0	3
6245	7	5	6	0	3
6246	7	6	6	0	3
6247	7	7	6	0	3
6248	7	8	6	0	3
6249	7	9	6	0	3
6250	7	10	6	0	3
6251	7	11	6	0	3
6252	7	12	6	0	3
6253	7	13	6	0	3
6254	7	14	6	0	3
6255	7	15	6	0	3
6256	7	16	6	0	3
6257	7	17	6	0	3
6258	7	18	6	0	3
6259	7	19	6	0	3
6260	7	20	6	0	3
6261	7	21	6	0	3
6262	7	22	6	0	3
6263	7	23	6	0	3
6264	7	24	6	0	3
6265	7	25	6	0	3
6266	7	26	6	0	3
6267	7	27	6	0	3
6268	7	28	6	0	3
6269	7	29	6	0	3
6270	7	30	6	0	3
6271	7	31	6	0	3
6272	7	32	6	0	3
6273	7	33	6	0	3
6274	7	34	6	0	3
6275	7	35	6	0	3
6276	7	36	6	0	3
6277	7	37	6	0	3
6278	7	38	6	0	3
6279	7	39	6	0	3
6280	7	40	6	0	3
6281	8	1	6	0	3
6282	8	2	6	0	3
6283	8	3	6	0	3
6284	8	4	6	0	3
6285	8	5	6	0	3
6286	8	6	6	0	3
6287	8	7	6	0	3
6288	8	8	6	0	3
6289	8	9	6	0	3
6290	8	10	6	0	3
6291	8	11	6	0	3
6292	8	12	6	0	3
6293	8	13	6	0	3
6294	8	14	6	0	3
6295	8	15	6	0	3
6296	8	16	6	0	3
6297	8	17	6	0	3
6298	8	18	6	0	3
6299	8	19	6	0	3
6300	8	20	6	0	3
6301	8	21	6	0	3
6302	8	22	6	0	3
6303	8	23	6	0	3
6304	8	24	6	0	3
6305	8	25	6	0	3
6306	8	26	6	0	3
6307	8	27	6	0	3
6308	8	28	6	0	3
6309	8	29	6	0	3
6310	8	30	6	0	3
6311	8	31	6	0	3
6312	8	32	6	0	3
6313	8	33	6	0	3
6314	8	34	6	0	3
6315	8	35	6	0	3
6316	8	36	6	0	3
6317	8	37	6	0	3
6318	8	38	6	0	3
6319	8	39	6	0	3
6320	8	40	6	0	3
6321	9	1	6	0	3
6322	9	2	6	0	3
6323	9	3	6	0	3
6324	9	4	6	0	3
6325	9	5	6	0	3
6326	9	6	6	0	3
6327	9	7	6	0	3
6328	9	8	6	0	3
6329	9	9	6	0	3
6330	9	10	6	0	3
6331	9	11	6	0	3
6332	9	12	6	0	3
6333	9	13	6	0	3
6334	9	14	6	0	3
6335	9	15	6	0	3
6336	9	16	6	0	3
6337	9	17	6	0	3
6338	9	18	6	0	3
6339	9	19	6	0	3
6340	9	20	6	0	3
6341	9	21	6	0	3
6342	9	22	6	0	3
6343	9	23	6	0	3
6344	9	24	6	0	3
6345	9	25	6	0	3
6346	9	26	6	0	3
6347	9	27	6	0	3
6348	9	28	6	0	3
6349	9	29	6	0	3
6350	9	30	6	0	3
6351	9	31	6	0	3
6352	9	32	6	0	3
6353	9	33	6	0	3
6354	9	34	6	0	3
6355	9	35	6	0	3
6356	9	36	6	0	3
6357	9	37	6	0	3
6358	9	38	6	0	3
6359	9	39	6	0	3
6360	9	40	6	0	3
6361	10	1	6	0	3
6362	10	2	6	0	3
6363	10	3	6	0	3
6364	10	4	6	0	3
6365	10	5	6	0	3
6366	10	6	6	0	3
6367	10	7	6	0	3
6368	10	8	6	0	3
6369	10	9	6	0	3
6370	10	10	6	0	3
6371	10	11	6	0	3
6372	10	12	6	0	3
6373	10	13	6	0	3
6374	10	14	6	0	3
6375	10	15	6	0	3
6376	10	16	6	0	3
6377	10	17	6	0	3
6378	10	18	6	0	3
6379	10	19	6	0	3
6380	10	20	6	0	3
6381	10	21	6	0	3
6382	10	22	6	0	3
6383	10	23	6	0	3
6384	10	24	6	0	3
6385	10	25	6	0	3
6386	10	26	6	0	3
6387	10	27	6	0	3
6388	10	28	6	0	3
6389	10	29	6	0	3
6390	10	30	6	0	3
6391	10	31	6	0	3
6392	10	32	6	0	3
6393	10	33	6	0	3
6394	10	34	6	0	3
6395	10	35	6	0	3
6396	10	36	6	0	3
6397	10	37	6	0	3
6398	10	38	6	0	3
6399	10	39	6	0	3
6400	10	40	6	0	3